
F1: [197, 78, 86]
SMC: [150, 74, 0]
F2: [211, 121, 0]
F3o: [195, 132, 0]
FOC: [162, 60, 0]
F3t: [172, 103, 0]
FMC: [223, 109, 95]
FP: [187, 91, 0]
PRG: [171, 42, 78]

PAC: [154, 114, 0]
CGa: [134, 86, 0]
FO: [174, 143, 0]
SC: [114, 96, 0]
CO: [131, 123, 0]

SCLC: [112, 129, 0]
CALC: [0, 115, 0]
PCN: [0, 170, 0]
AG: [0, 142, 0]
SPL: [126, 158, 0]
POG: [97, 101, 0]
SGp: [62, 109, 0]
CGp: [72, 136, 0]
SGa: [0, 119, 0]
PO: [81, 165, 0]

OP: [0, 121, 0]
CN: [0, 149, 119]
OLs: [0, 175, 115]
OLi: [0, 123, 79]
OF: [0, 147, 69]
LG: [0, 175, 158]

PHp: [0, 148, 156]
INS: [0, 144, 186]
H1: [0, 135, 210]
PP: [0, 124, 120]
PHa: [0, 121, 152]
TO2: [0, 173, 193]
TOF: [0, 156, 242]
TO3: [0, 115, 178]
PT: [0, 166, 221]

TFp: [157, 84, 223]
T3p: [156, 125, 254]
T1a: [62, 84, 207]
T2a: [0, 122, 225]
TFa: [122, 60, 204]
T3a: [0, 103, 197]
BF: [192, 109, 244]
TP: [154, 31, 190]
T1p: [114, 104, 230]
T2p: [99, 142, 253]

Hip: [173, 0, 156]
Thal: [220, 94, 215]
VenDC: [202, 66, 133]
Cau: [175, 20, 122]
Put: [229, 93, 184]
Pal: [161, 20, 182]
Amy: [190, 63, 198]
Acc: [200, 59, 169]

Cb: [173, 36, 94]
