
PrG: [248, 162, 129]
SFG: [191, 132, 0]
FRP: [255, 196, 215]
TrIFG: [255, 204, 172]
MFG: [205, 122, 85]
OpIFG: [255, 154, 173]
OrIFG: [213, 113, 133]

SCA: [255, 224, 88]
SMC: [227, 234, 76]
GRe: [185, 192, 0]
MFC: [145, 151, 0]
MPrG: [171, 142, 0]
MSFG: [212, 182, 0]

PIns: [112, 159, 0]
AIns: [152, 200, 37]
AOrG: [50, 209, 148]
CO: [193, 242, 104]
PO: [0, 168, 107]
FO: [110, 206, 101]
LOrG: [62, 165, 49]
POrG: [154, 248, 147]
MOrG: [112, 252, 190]

PP: [0, 207, 223]
PT: [0, 167, 182]
FuG: [62, 200, 250]
ITG: [0, 160, 209]
TMP: [81, 249, 255]
STG: [0, 169, 149]
TTG: [77, 252, 231]
MTG: [0, 210, 189]

AnG: [177, 177, 255]
SMG: [128, 190, 255]
SPL: [218, 219, 255]
PoG: [136, 136, 232]
MPoG: [173, 231, 255]
PCu: [79, 150, 226]

Calc: [211, 108, 182]
Cun: [255, 197, 255]
SOG: [255, 206, 255]
IOG: [214, 164, 255]
LiG: [239, 154, 250]
MOG: [174, 123, 226]
OCP: [253, 150, 222]
OFuG: [199, 112, 209]

ACgG: [255, 152, 187]
MCgG: [252, 159, 144]
PHG: [208, 119, 103]
PCgG: [255, 195, 228]
Ent: [214, 111, 147]
